
==================================================
第 1 页（共 43 页）
==================================================

[文字]
本节内容
王道考研/CSKAOYAN.COM
图的遍历
BFS

[嵌入图片：3 张]

==================================================
第 2 页（共 43 页）
==================================================

[文字]
王道考研/CSKAOYAN.COM
知识总览

[嵌入图片：4 张]

==================================================
第 3 页（共 43 页）
==================================================

[文字]
王道考研/CSKAOYAN.COM
树的⼴度优先遍历
1
2
3
4
5
6
7
8

[嵌入图片：3 张]

==================================================
第 4 页（共 43 页）
==================================================

[文字]
王道考研/CSKAOYAN.COM
树的⼴度优先遍历
1
2
3
4
5
6
7
8

[嵌入图片：4 张]

==================================================
第 5 页（共 43 页）
==================================================

[文字]
王道考研/CSKAOYAN.COM
树的⼴度优先遍历
1
2
3
4
5
6
7
8

[嵌入图片：5 张]

==================================================
第 6 页（共 43 页）
==================================================

[文字]
王道考研/CSKAOYAN.COM
图的⼴度优先遍历
1
2
3
4
5
6
7
8

[嵌入图片：5 张]

==================================================
第 7 页（共 43 页）
==================================================

[文字]
王道考研/CSKAOYAN.COM
图的⼴度优先遍历
1
2
3
4
5
6
7
8

[嵌入图片：4 张]

==================================================
第 8 页（共 43 页）
==================================================

[文字]
王道考研/CSKAOYAN.COM
图的⼴度优先遍历
1
2
3
4
5
6
7
8

[嵌入图片：5 张]

==================================================
第 9 页（共 43 页）
==================================================

[文字]
王道考研/CSKAOYAN.COM
树 vs 图
1
2
3
4
5
6
7
8
1
2
3
4
5
6
7
8
搜索相邻的顶点时，有可能搜到已经访问过的顶点
不存在“回路”，搜索相邻的结点时，不
可能搜到已经访问过的结点
树的⼴度优先遍历（层序遍历）： 
①若树⾮空，则根节点⼊队
②若队列⾮空，队头元素出队并访问，同时将该元素的孩⼦依次⼊队
③重复②直到队列为空

[嵌入图片：4 张]

==================================================
第 10 页（共 43 页）
==================================================

[文字]
王道考研/CSKAOYAN.COM
代码实现
1
2
3
4
5
6
7
8
⼴度优先遍历（Breadth-First-Search, BFS）要点： 
1. 找到与⼀个顶点相邻的所有顶点 
2. 标记哪些顶点被访问过 
3. 需要⼀个辅助队列
•FirstNeighbor(G,x)：求图G中顶点x的第⼀个邻接点，若有则返回顶点号。
若x没有邻接点或图中不存在x，则返回-1。
•NextNeighbor(G,x,y)：假设图G中顶点y是顶点x的⼀个邻接点，返回除y之外
顶点x的下⼀个邻接点的顶点号，若y是x的最后⼀个邻接点，则返回-1。
1
2
3
4
5
6
7
8
1
0
1
0
0
1
0
0
0
2
1
0
0
0
0
1
0
0
3
0
0
0
1
0
1
1
0
4
0
0
1
0
0
0
1
1
5
1
0
0
0
0
0
0
0
6
0
1
1
0
0
0
1
0
7
0
0
1
1
0
1
0
1
8
0
0
0
1
0
0
1
0
邻接矩阵
1
2
3
4
5
6
7
8
2
5
1
6
4
6
7
3
7
8
1
2
3
7
3
4
6
8
4
7
邻接表

[嵌入图片：4 张]

[表格1]
• | FirstNeighbor(G,x) | ：求图G中顶点x的第⼀个邻接点，若有则返回顶点号。 | 
若x没有邻接点或图中不存在x，则返回-1。 |  |  | 
• | NextNeighbor(G,x,y) |  | ：假设图G中顶点y是顶点x的⼀个邻接点，返回除y之外
顶点x的下⼀个邻接点的顶点号，若y是x的最后⼀个邻接点，则返回-1。 |  |  | 

[表格2]
 | 1 | 2 | 3 | 4 | 5 | 6 | 7 | 8
1 | 0 | 1 | 0 | 0 | 1 | 0 | 0 | 0
2 | 1 | 0 | 0 | 0 | 0 | 1 | 0 | 0
3 | 0 | 0 | 0 | 1 | 0 | 1 | 1 | 0
4 | 0 | 0 | 1 | 0 | 0 | 0 | 1 | 1
5 | 1 | 0 | 0 | 0 | 0 | 0 | 0 | 0
6 | 0 | 1 | 1 | 0 | 0 | 0 | 1 | 0
7 | 0 | 0 | 1 | 1 | 0 | 1 | 0 | 1
8 | 0 | 0 | 0 | 1 | 0 | 0 | 1 | 0

==================================================
第 11 页（共 43 页）
==================================================

[文字]
王道考研/CSKAOYAN.COM
1
2
3
4
5
6
7
8
初始都为false
代码实现
1
2
3
4
5
6
7
8
visited false false false false false false false false

[嵌入图片：5 张]

[表格1]
 | 1 | 2 | 3 | 4 | 5 | 6 | 7 | 8
visited | false | false | false | false | false | false | false | false

==================================================
第 12 页（共 43 页）
==================================================

[文字]
王道考研/CSKAOYAN.COM
1
2
3
4
5
6
7
8
2
初始都为false
代码实现
1
2
3
4
5
6
7
8
visited false true false false false false false false

[嵌入图片：6 张]

[表格1]
 | 1 | 2 | 3 | 4 | 5 | 6 | 7 | 8
visited | false | true | false | false | false | false | false | false

==================================================
第 13 页（共 43 页）
==================================================

[文字]
王道考研/CSKAOYAN.COM
1
2
3
4
5
6
7
8
2
1
6
5
3
7
初始都为false
代码实现
1
2
3
4
5
6
7
8
visited true true true false true true true false

[嵌入图片：7 张]

[表格1]
 | 1 | 2 | 3 | 4 | 5 | 6 | 7 | 8
visited | true | true | true | false | true | true | true | false

==================================================
第 14 页（共 43 页）
==================================================

[文字]
王道考研/CSKAOYAN.COM
1
2
3
4
5
6
7
8
2
1
6
5
3
7
4
8
初始都为false
代码实现
1
2
3
4
5
6
7
8
visited true true true true true true true true

[嵌入图片：7 张]

[表格1]
 | 1 | 2 | 3 | 4 | 5 | 6 | 7 | 8
visited | true | true | true | true | true | true | true | true

==================================================
第 15 页（共 43 页）
==================================================

[文字]
王道考研/CSKAOYAN.COM
1
2
3
4
5
6
7
8
2
1
6
5
3
7
4
8
初始都为false
代码实现
1
2
3
4
5
6
7
8
visited true true true true true true true true

[嵌入图片：7 张]

[表格1]
 | 1 | 2 | 3 | 4 | 5 | 6 | 7 | 8
visited | true | true | true | true | true | true | true | true

==================================================
第 16 页（共 43 页）
==================================================

[文字]
王道考研/CSKAOYAN.COM
1
2
3
4
5
6
7
8
2
1
6
5
3
7
4
8
⼴度优先遍历序列
从顶点2出发得到的⼴
度优先遍历序列
从顶点1出发得到的⼴度优先遍历序列： 
1，2，5，6，3，7，4，8
从顶点3出发得到的⼴度优先遍历序列： 
3，4，6，7，8，2，1，5

[嵌入图片：3 张]

==================================================
第 17 页（共 43 页）
==================================================

[文字]
王道考研/CSKAOYAN.COM
1
2
3
4
5
6
7
8
2
1
6
5
3
7
4
8
遍历序列的可变性
从顶点2出发得到的⼴
度优先遍历序列
1
2
3
4
5
6
7
8
1
0
1
0
0
1
0
0
0
2
1
0
0
0
0
1
0
0
3
0
0
0
1
0
1
1
0
4
0
0
1
0
0
0
1
1
5
1
0
0
0
0
0
0
0
6
0
1
1
0
0
0
1
0
7
0
0
1
1
0
1
0
1
8
0
0
0
1
0
0
1
0
邻接矩阵
1
2
3
4
5
6
7
8
2
5
1
6
4
6
7
3
7
8
1
2
3
7
3
4
6
8
4
7
邻接表
同⼀个图的邻接矩阵表示⽅式唯⼀，因此⼴度优先遍历序列唯⼀ 
同⼀个图邻接表表示⽅式不唯⼀，因此⼴度优先遍历序列不唯⼀
1
2
3
…
2
5
1
6
4
6
7
⼴度优先遍历序列：
2，6，1….

[嵌入图片：3 张]

[表格1]
 | 1 | 2 | 3 | 4 | 5 | 6 | 7 | 8
1 | 0 | 1 | 0 | 0 | 1 | 0 | 0 | 0
2 | 1 | 0 | 0 | 0 | 0 | 1 | 0 | 0
3 | 0 | 0 | 0 | 1 | 0 | 1 | 1 | 0
4 | 0 | 0 | 1 | 0 | 0 | 0 | 1 | 1
5 | 1 | 0 | 0 | 0 | 0 | 0 | 0 | 0
6 | 0 | 1 | 1 | 0 | 0 | 0 | 1 | 0
7 | 0 | 0 | 1 | 1 | 0 | 1 | 0 | 1
8 | 0 | 0 | 0 | 1 | 0 | 0 | 1 | 0

==================================================
第 18 页（共 43 页）
==================================================

[文字]
初始都为false
王道考研/CSKAOYAN.COM
算法存在的问题
9
10
11
如果是⾮连通图，则⽆法遍历完所有结点
1
2
3
4
5
6
7
8
1
2
3
4
5
6
7
8
9
10
11
visite true true true true true true true true false false false

[嵌入图片：6 张]

[表格1]
 | 1 | 2 | 3 | 4 | 5 | 6 | 7 | 8 | 9 | 10 | 11
visite | true | true | true | true | true | true | true | true | false | false | false

==================================================
第 19 页（共 43 页）
==================================================

[文字]
王道考研/CSKAOYAN.COM
BFS算法（Final版）
9
10
11
如果是⾮连通图，则⽆法遍历完所有结点
1
2
3
4
5
6
7
8
1
2
3
4
5
6
7
8
9
10
11
visited false false false false false false false false false false false

[嵌入图片：7 张]

[表格1]
 | 1 | 2 | 3 | 4 | 5 | 6 | 7 | 8 | 9 | 10 | 11
visited | false | false | false | false | false | false | false | false | false | false | false

==================================================
第 20 页（共 43 页）
==================================================

[文字]
王道考研/CSKAOYAN.COM
BFS算法（Final版）
9
10
11
如果是⾮连通图，则⽆法遍历完所有结点
1
2
3
4
5
6
7
8
1
2
3
4
5
6
7
8
9
10
11
visited true true true true true true true true true true true 
结论：对于⽆向图，调⽤BFS函数的次数=连通分量数

[嵌入图片：7 张]

[表格1]
 | 1 | 2 | 3 | 4 | 5 | 6 | 7 | 8 | 9 | 10 | 11
visited | true | true | true | true | true | true | true | true | true | true | true

==================================================
第 21 页（共 43 页）
==================================================

[文字]
王道考研/CSKAOYAN.COM
1
2
3
4
5
6
7
8
复杂度分析
空间复杂度：最坏情况，辅助队列⼤⼩为 O(|V|)

[嵌入图片：3 张]

==================================================
第 22 页（共 43 页）
==================================================

[文字]
王道考研/CSKAOYAN.COM
1
2
3
4
5
6
7
8
复杂度分析
1
2
3
4
5
6
7
8
1
0
1
0
0
1
0
0
0
2
1
0
0
0
0
1
0
0
3
0
0
0
1
0
1
1
0
4
0
0
1
0
0
0
1
1
5
1
0
0
0
0
0
0
0
6
0
1
1
0
0
0
1
0
7
0
0
1
1
0
1
0
1
8
0
0
0
1
0
0
1
0
邻接矩阵
1
2
3
4
5
6
7
8
2
5
1
6
4
6
7
3
7
8
1
2
3
7
3
4
6
8
4
7
邻接表
邻接矩阵存储的图： 
访问 |V| 个顶点需要O(|V|)的时间 
查找每个顶点的邻接点都需要O(|V|)的时间，⽽总共有|V|个顶点 
时间复杂度= O(|V|2)
邻接表存储的图： 
访问 |V| 个顶点需要O(|V|)的时间 
查找各个顶点的邻接点共需要O(|E|)的时间， 
时间复杂度= O(|V|+|E|)

[嵌入图片：3 张]

[表格1]
 | 1 | 2 | 3 | 4 | 5 | 6 | 7 | 8
1 | 0 | 1 | 0 | 0 | 1 | 0 | 0 | 0
2 | 1 | 0 | 0 | 0 | 0 | 1 | 0 | 0
3 | 0 | 0 | 0 | 1 | 0 | 1 | 1 | 0
4 | 0 | 0 | 1 | 0 | 0 | 0 | 1 | 1
5 | 1 | 0 | 0 | 0 | 0 | 0 | 0 | 0
6 | 0 | 1 | 1 | 0 | 0 | 0 | 1 | 0
7 | 0 | 0 | 1 | 1 | 0 | 1 | 0 | 1
8 | 0 | 0 | 0 | 1 | 0 | 0 | 1 | 0

==================================================
第 23 页（共 43 页）
==================================================

[文字]
王道考研/CSKAOYAN.COM
1
2
3
4
5
6
7
8
⼴度优先⽣成树
1
2
3
4
5
6
7
8
2
5
1
6
4
6
7
3
7
8
1
2
3
7
3
4
6
8
4
7
邻接表
1
2
3
4
5
6
7
8
1
0
1
0
0
1
0
0
0
2
1
0
0
0
0
1
0
0
3
0
0
0
1
0
1
1
0
4
0
0
1
0
0
0
1
1
5
1
0
0
0
0
0
0
0
6
0
1
1
0
0
0
1
0
7
0
0
1
1
0
1
0
1
8
0
0
0
1
0
0
1
0
邻接矩阵

[嵌入图片：3 张]

[表格1]
 | 1 | 2 | 3 | 4 | 5 | 6 | 7 | 8
1 | 0 | 1 | 0 | 0 | 1 | 0 | 0 | 0
2 | 1 | 0 | 0 | 0 | 0 | 1 | 0 | 0
3 | 0 | 0 | 0 | 1 | 0 | 1 | 1 | 0
4 | 0 | 0 | 1 | 0 | 0 | 0 | 1 | 1
5 | 1 | 0 | 0 | 0 | 0 | 0 | 0 | 0
6 | 0 | 1 | 1 | 0 | 0 | 0 | 1 | 0
7 | 0 | 0 | 1 | 1 | 0 | 1 | 0 | 1
8 | 0 | 0 | 0 | 1 | 0 | 0 | 1 | 0

==================================================
第 24 页（共 43 页）
==================================================

[文字]
王道考研/CSKAOYAN.COM
1
2
3
4
5
6
7
8
⼴度优先⽣成树
1
2
3
4
5
6
7
8
2
5
1
6
4
6
7
3
7
8
1
2
3
7
3
4
6
8
4
7
邻接表
1
2
3
4
5
6
7
8
1
0
1
0
0
1
0
0
0
2
1
0
0
0
0
1
0
0
3
0
0
0
1
0
1
1
0
4
0
0
1
0
0
0
1
1
5
1
0
0
0
0
0
0
0
6
0
1
1
0
0
0
1
0
7
0
0
1
1
0
1
0
1
8
0
0
0
1
0
0
1
0
邻接矩阵

[嵌入图片：4 张]

[表格1]
 | 1 | 2 | 3 | 4 | 5 | 6 | 7 | 8
1 | 0 | 1 | 0 | 0 | 1 | 0 | 0 | 0
2 | 1 | 0 | 0 | 0 | 0 | 1 | 0 | 0
3 | 0 | 0 | 0 | 1 | 0 | 1 | 1 | 0
4 | 0 | 0 | 1 | 0 | 0 | 0 | 1 | 1
5 | 1 | 0 | 0 | 0 | 0 | 0 | 0 | 0
6 | 0 | 1 | 1 | 0 | 0 | 0 | 1 | 0
7 | 0 | 0 | 1 | 1 | 0 | 1 | 0 | 1
8 | 0 | 0 | 0 | 1 | 0 | 0 | 1 | 0

==================================================
第 25 页（共 43 页）
==================================================

[文字]
王道考研/CSKAOYAN.COM
1
2
3
4
5
6
7
8
2
1
2
3
4
5
6
7
8
2
5
1
6
4
6
7
3
7
8
1
2
3
7
3
4
6
8
4
7
邻接表
1
2
3
4
5
6
7
8
1
0
1
0
0
1
0
0
0
2
1
0
0
0
0
1
0
0
3
0
0
0
1
0
1
1
0
4
0
0
1
0
0
0
1
1
5
1
0
0
0
0
0
0
0
6
0
1
1
0
0
0
1
0
7
0
0
1
1
0
1
0
1
8
0
0
0
1
0
0
1
0
邻接矩阵
⼴度优先⽣成树

[嵌入图片：5 张]

[表格1]
 | 1 | 2 | 3 | 4 | 5 | 6 | 7 | 8
1 | 0 | 1 | 0 | 0 | 1 | 0 | 0 | 0
2 | 1 | 0 | 0 | 0 | 0 | 1 | 0 | 0
3 | 0 | 0 | 0 | 1 | 0 | 1 | 1 | 0
4 | 0 | 0 | 1 | 0 | 0 | 0 | 1 | 1
5 | 1 | 0 | 0 | 0 | 0 | 0 | 0 | 0
6 | 0 | 1 | 1 | 0 | 0 | 0 | 1 | 0
7 | 0 | 0 | 1 | 1 | 0 | 1 | 0 | 1
8 | 0 | 0 | 0 | 1 | 0 | 0 | 1 | 0

==================================================
第 26 页（共 43 页）
==================================================

[文字]
王道考研/CSKAOYAN.COM
1
2
3
4
5
6
7
8
2
1
6
1
2
3
4
5
6
7
8
2
5
1
6
4
6
7
3
7
8
1
2
3
7
3
4
6
8
4
7
邻接表
1
2
3
4
5
6
7
8
1
0
1
0
0
1
0
0
0
2
1
0
0
0
0
1
0
0
3
0
0
0
1
0
1
1
0
4
0
0
1
0
0
0
1
1
5
1
0
0
0
0
0
0
0
6
0
1
1
0
0
0
1
0
7
0
0
1
1
0
1
0
1
8
0
0
0
1
0
0
1
0
邻接矩阵
⼴度优先⽣成树

[嵌入图片：4 张]

[表格1]
 | 1 | 2 | 3 | 4 | 5 | 6 | 7 | 8
1 | 0 | 1 | 0 | 0 | 1 | 0 | 0 | 0
2 | 1 | 0 | 0 | 0 | 0 | 1 | 0 | 0
3 | 0 | 0 | 0 | 1 | 0 | 1 | 1 | 0
4 | 0 | 0 | 1 | 0 | 0 | 0 | 1 | 1
5 | 1 | 0 | 0 | 0 | 0 | 0 | 0 | 0
6 | 0 | 1 | 1 | 0 | 0 | 0 | 1 | 0
7 | 0 | 0 | 1 | 1 | 0 | 1 | 0 | 1
8 | 0 | 0 | 0 | 1 | 0 | 0 | 1 | 0

==================================================
第 27 页（共 43 页）
==================================================

[文字]
王道考研/CSKAOYAN.COM
1
2
3
4
5
6
7
8
2
1
6
5
3
7
1
2
3
4
5
6
7
8
2
5
1
6
4
6
7
3
7
8
1
2
3
7
3
4
6
8
4
7
邻接表
1
2
3
4
5
6
7
8
1
0
1
0
0
1
0
0
0
2
1
0
0
0
0
1
0
0
3
0
0
0
1
0
1
1
0
4
0
0
1
0
0
0
1
1
5
1
0
0
0
0
0
0
0
6
0
1
1
0
0
0
1
0
7
0
0
1
1
0
1
0
1
8
0
0
0
1
0
0
1
0
邻接矩阵
⼴度优先⽣成树

[嵌入图片：5 张]

[表格1]
 | 1 | 2 | 3 | 4 | 5 | 6 | 7 | 8
1 | 0 | 1 | 0 | 0 | 1 | 0 | 0 | 0
2 | 1 | 0 | 0 | 0 | 0 | 1 | 0 | 0
3 | 0 | 0 | 0 | 1 | 0 | 1 | 1 | 0
4 | 0 | 0 | 1 | 0 | 0 | 0 | 1 | 1
5 | 1 | 0 | 0 | 0 | 0 | 0 | 0 | 0
6 | 0 | 1 | 1 | 0 | 0 | 0 | 1 | 0
7 | 0 | 0 | 1 | 1 | 0 | 1 | 0 | 1
8 | 0 | 0 | 0 | 1 | 0 | 0 | 1 | 0

==================================================
第 28 页（共 43 页）
==================================================

[文字]
王道考研/CSKAOYAN.COM
1
2
3
4
5
6
7
8
2
1
6
5
3
7
1
2
3
4
5
6
7
8
2
5
1
6
4
6
7
3
7
8
1
2
3
7
3
4
6
8
4
7
邻接表
1
2
3
4
5
6
7
8
1
0
1
0
0
1
0
0
0
2
1
0
0
0
0
1
0
0
3
0
0
0
1
0
1
1
0
4
0
0
1
0
0
0
1
1
5
1
0
0
0
0
0
0
0
6
0
1
1
0
0
0
1
0
7
0
0
1
1
0
1
0
1
8
0
0
0
1
0
0
1
0
邻接矩阵
⼴度优先⽣成树

[嵌入图片：4 张]

[表格1]
 | 1 | 2 | 3 | 4 | 5 | 6 | 7 | 8
1 | 0 | 1 | 0 | 0 | 1 | 0 | 0 | 0
2 | 1 | 0 | 0 | 0 | 0 | 1 | 0 | 0
3 | 0 | 0 | 0 | 1 | 0 | 1 | 1 | 0
4 | 0 | 0 | 1 | 0 | 0 | 0 | 1 | 1
5 | 1 | 0 | 0 | 0 | 0 | 0 | 0 | 0
6 | 0 | 1 | 1 | 0 | 0 | 0 | 1 | 0
7 | 0 | 0 | 1 | 1 | 0 | 1 | 0 | 1
8 | 0 | 0 | 0 | 1 | 0 | 0 | 1 | 0

==================================================
第 29 页（共 43 页）
==================================================

[文字]
王道考研/CSKAOYAN.COM
1
2
3
4
5
6
7
8
2
1
6
5
3
7
4
8
1
2
3
4
5
6
7
8
2
5
1
6
4
6
7
3
7
8
1
2
3
7
3
4
6
8
4
7
邻接表
1
2
3
4
5
6
7
8
1
0
1
0
0
1
0
0
0
2
1
0
0
0
0
1
0
0
3
0
0
0
1
0
1
1
0
4
0
0
1
0
0
0
1
1
5
1
0
0
0
0
0
0
0
6
0
1
1
0
0
0
1
0
7
0
0
1
1
0
1
0
1
8
0
0
0
1
0
0
1
0
邻接矩阵
⼴度优先⽣成树

[嵌入图片：5 张]

[表格1]
 | 1 | 2 | 3 | 4 | 5 | 6 | 7 | 8
1 | 0 | 1 | 0 | 0 | 1 | 0 | 0 | 0
2 | 1 | 0 | 0 | 0 | 0 | 1 | 0 | 0
3 | 0 | 0 | 0 | 1 | 0 | 1 | 1 | 0
4 | 0 | 0 | 1 | 0 | 0 | 0 | 1 | 1
5 | 1 | 0 | 0 | 0 | 0 | 0 | 0 | 0
6 | 0 | 1 | 1 | 0 | 0 | 0 | 1 | 0
7 | 0 | 0 | 1 | 1 | 0 | 1 | 0 | 1
8 | 0 | 0 | 0 | 1 | 0 | 0 | 1 | 0

==================================================
第 30 页（共 43 页）
==================================================

[文字]
王道考研/CSKAOYAN.COM
1
2
3
4
5
6
7
8
2
1
6
5
3
7
4
8
⼴度优先⽣成树
1
2
3
4
5
6
7
8
2
5
1
6
4
6
7
3
7
8
1
2
3
7
3
4
6
8
4
7
邻接表
1
2
3
4
5
6
7
8
1
0
1
0
0
1
0
0
0
2
1
0
0
0
0
1
0
0
3
0
0
0
1
0
1
1
0
4
0
0
1
0
0
0
1
1
5
1
0
0
0
0
0
0
0
6
0
1
1
0
0
0
1
0
7
0
0
1
1
0
1
0
1
8
0
0
0
1
0
0
1
0
邻接矩阵
⼴度优先⽣成树

[嵌入图片：3 张]

[表格1]
 | 1 | 2 | 3 | 4 | 5 | 6 | 7 | 8
1 | 0 | 1 | 0 | 0 | 1 | 0 | 0 | 0
2 | 1 | 0 | 0 | 0 | 0 | 1 | 0 | 0
3 | 0 | 0 | 0 | 1 | 0 | 1 | 1 | 0
4 | 0 | 0 | 1 | 0 | 0 | 0 | 1 | 1
5 | 1 | 0 | 0 | 0 | 0 | 0 | 0 | 0
6 | 0 | 1 | 1 | 0 | 0 | 0 | 1 | 0
7 | 0 | 0 | 1 | 1 | 0 | 1 | 0 | 1
8 | 0 | 0 | 0 | 1 | 0 | 0 | 1 | 0

==================================================
第 31 页（共 43 页）
==================================================

[文字]
王道考研/CSKAOYAN.COM
1
2
3
4
5
6
7
8
⼴度优先⽣成树
1
2
3
4
5
6
7
8
2
5
1
6
4
6
7
3
7
8
1
2
3
7
3
4
6
8
4
7
邻接表

[嵌入图片：3 张]

==================================================
第 32 页（共 43 页）
==================================================

[文字]
王道考研/CSKAOYAN.COM
1
2
3
4
5
6
7
8
⼴度优先⽣成树
1
2
3
4
5
6
7
8
2
5
1
6
4
6
7
3
7
8
1
2
3
7
3
4
6
8
4
7
邻接表

[嵌入图片：4 张]

==================================================
第 33 页（共 43 页）
==================================================

[文字]
王道考研/CSKAOYAN.COM
1
2
3
4
5
6
7
8
2
1
2
3
4
5
6
7
8
2
5
1
6
4
6
7
3
7
8
1
2
3
7
3
4
6
8
4
7
邻接表
⼴度优先⽣成树

[嵌入图片：5 张]

==================================================
第 34 页（共 43 页）
==================================================

[文字]
王道考研/CSKAOYAN.COM
1
2
3
4
5
6
7
8
2
1
6
1
2
3
4
5
6
7
8
2
5
1
6
4
6
7
3
7
8
1
2
3
7
3
4
6
8
4
7
邻接表
⼴度优先⽣成树

[嵌入图片：4 张]

==================================================
第 35 页（共 43 页）
==================================================

[文字]
王道考研/CSKAOYAN.COM
1
2
3
4
5
6
7
8
2
1
6
5
3
7
1
2
3
4
5
6
7
8
2
5
1
6
4
6
7
3
7
8
1
2
3
7
3
4
6
8
4
7
邻接表
⼴度优先⽣成树

[嵌入图片：5 张]

==================================================
第 36 页（共 43 页）
==================================================

[文字]
王道考研/CSKAOYAN.COM
1
2
3
4
5
6
7
8
2
1
6
5
3
7
1
2
3
4
5
6
7
8
2
5
1
6
4
6
7
3
7
8
1
2
3
7
3
4
6
8
4
7
邻接表
⼴度优先⽣成树

[嵌入图片：4 张]

==================================================
第 37 页（共 43 页）
==================================================

[文字]
王道考研/CSKAOYAN.COM
1
2
3
4
5
6
7
8
2
1
6
5
3
7
8
4
1
2
3
4
5
6
7
8
2
5
1
6
4
6
7
3
7
8
1
2
3
7
3
4
6
8
4
7
邻接表
⼴度优先⽣成树

[嵌入图片：5 张]

==================================================
第 38 页（共 43 页）
==================================================

[文字]
王道考研/CSKAOYAN.COM
1
2
3
4
5
6
7
8
2
1
6
5
3
7
8
4
1
2
3
4
5
6
7
8
2
5
1
6
4
6
7
3
7
8
1
2
3
7
3
4
6
8
4
7
邻接表
⼴度优先⽣成树

[嵌入图片：3 张]

==================================================
第 39 页（共 43 页）
==================================================

[文字]
王道考研/CSKAOYAN.COM
2
1
6
5
3
7
8
4
⼴度优先⽣成树
1
2
3
4
5
6
7
8
2
5
1
6
4
6
7
3
7
8
1
2
3
7
3
4
6
8
4
7
邻接表
1
2
3
4
5
6
7
8
1
0
1
0
0
1
0
0
0
2
1
0
0
0
0
1
0
0
3
0
0
0
1
0
1
1
0
4
0
0
1
0
0
0
1
1
5
1
0
0
0
0
0
0
0
6
0
1
1
0
0
0
1
0
7
0
0
1
1
0
1
0
1
8
0
0
0
1
0
0
1
0
邻接矩阵
2
1
6
5
3
7
4
8
1
2
3
4
5
6
7
8
2
5
1
6
4
6
7
3
7
8
1
2
3
7
3
4
6
8
4
7
邻接表
⼴度优先⽣成树由⼴度优先
遍历过程确定。由于邻接表
的表示⽅式不唯⼀，因此基
于邻接表的⼴度优先⽣成树
也不唯⼀。

[嵌入图片：3 张]

[表格1]
 | 1 | 2 | 3 | 4 | 5 | 6 | 7 | 8
1 | 0 | 1 | 0 | 0 | 1 | 0 | 0 | 0
2 | 1 | 0 | 0 | 0 | 0 | 1 | 0 | 0
3 | 0 | 0 | 0 | 1 | 0 | 1 | 1 | 0
4 | 0 | 0 | 1 | 0 | 0 | 0 | 1 | 1
5 | 1 | 0 | 0 | 0 | 0 | 0 | 0 | 0
6 | 0 | 1 | 1 | 0 | 0 | 0 | 1 | 0
7 | 0 | 0 | 1 | 1 | 0 | 1 | 0 | 1
8 | 0 | 0 | 0 | 1 | 0 | 0 | 1 | 0

==================================================
第 40 页（共 43 页）
==================================================

[文字]
王道考研/CSKAOYAN.COM
9
10
11
对⾮连通图的⼴度优先遍历，可得到⼴度优先⽣成森林
⼴度优先⽣成森林
1
2
3
4
5
6
7
8

[嵌入图片：4 张]

==================================================
第 41 页（共 43 页）
==================================================

[文字]
王道考研/CSKAOYAN.COM
9
10
11
对⾮连通图的⼴度优先遍历，可得到⼴度优先⽣成森林
⼴度优先⽣成森林
1
2
3
4
5
6
7
8
2
1
6
5
3
7
4
8
9
10
11

[嵌入图片：5 张]

==================================================
第 42 页（共 43 页）
==================================================

[文字]
王道考研/CSKAOYAN.COM
练习：有向图的BFS过程
1
2
3
4
5
6
7
8
1
2
3
4
5
6
7
8
1
0
0
0
0
1
0
0
0
2
1
0
0
0
0
0
0
0
3
0
0
0
0
0
1
0
0
4
0
0
1
0
0
0
1
0
5
0
0
0
0
0
0
0
0
6
0
1
0
0
0
0
0
0
7
0
0
1
0
0
1
0
1
8
0
0
0
1
0
0
0
0
1
2
3
4
5
6
7
8
5
1
6
3
7
2
3
6
8
4
邻接矩阵
邻接表
思考： 
1. 从1出发，需要调⽤⼏次BFS函数？ 
2. 从7出发，需要调⽤⼏次BFS函数？

[嵌入图片：6 张]

[表格1]
 | 1 | 2 | 3 | 4 | 5 | 6 | 7 | 8
1 | 0 | 0 | 0 | 0 | 1 | 0 | 0 | 0
2 | 1 | 0 | 0 | 0 | 0 | 0 | 0 | 0
3 | 0 | 0 | 0 | 0 | 0 | 1 | 0 | 0
4 | 0 | 0 | 1 | 0 | 0 | 0 | 1 | 0
5 | 0 | 0 | 0 | 0 | 0 | 0 | 0 | 0
6 | 0 | 1 | 0 | 0 | 0 | 0 | 0 | 0
7 | 0 | 0 | 1 | 0 | 0 | 1 | 0 | 1
8 | 0 | 0 | 0 | 1 | 0 | 0 | 0 | 0

==================================================
第 43 页（共 43 页）
==================================================

[文字]
王道考研/CSKAOYAN.COM
知识回顾与重要考点

[嵌入图片：4 张]