
==================================================
第 1 页（共 11 页）
==================================================

[文字]
本节内容
王道考研/CSKAOYAN.COM
组帧

[嵌入图片：3 张]

==================================================
第 2 页（共 11 页）
==================================================

[文字]
王道考研/CSKAOYAN.COM
路由器
主机
数据链路层示意图
物理传输媒体（0层）
1   物理层
2  数据链路层
3   网络层
4   传输层
5   应用层
1
2    
3  
4  
5  
1
2    
3  
主机
物理传输媒体（0层）
数 据
数 据
首
10100 ……… 110100
IP数据报（分组）
帧
尾

[嵌入图片：9 张]

[表格1]
3 |  | 
2 |  | 
1 |  | 
 |  | 
 |  | 

[表格2]
首 |  | 尾

[表格3]
 |  |  |  | 
 | 输 |  | 体（0 | 

[表格4]
物理传 |  | 体 |  | ）
 |  |  | 0 | 

==================================================
第 3 页（共 11 页）
==================================================

[文字]
王道考研/CSKAOYAN.COM
本节总览

[嵌入图片：8 张]

==================================================
第 4 页（共 11 页）
==================================================

[文字]
王道考研/CSKAOYAN.COM
字符计数法
0
0
1
0
0
1
0
0
0
0
0
0
0
0
1
0
0
1
0
1
1
1
0
0
0
1
0
1
1
1
1
1
0
0
0
0
0
1
0
0
0
1
1
1
1
1
1
0
0
0
1
0
0
1
0
0
0
0
0
0
0
0
1
0
0
1
0
1
1
1
0
0
0
1
0
1
1
1
1
1
0
0
0
0
0
1
0
0
0
1
1
1
1
1
1
0
0
1
0
0
0
1
1
0
帧⼤⼩=7字节
帧
定
界
帧的数据部分
•
原理：在每个帧开头，用一个定长计数字段表示帧长
•
最大缺点：任何一个计数字段出错，都会导致后续所有帧无法定界
6字节
注意：帧长 = 计数字段长度 + 帧的数据部分长度

[嵌入图片：8 张]

[表格1]
0 | 1 | 0 | 0 | 0 | 0 | 0 | 1 | 0 | 0 | 0 | 0 | 0 | 1 | 0 | 0 | 0 | 0 | 0 | 1 | 1 | 0 | 1 | 1 | 0 | 0 | 1 | 1 | 1 | 1 | 1 | 1 | 0 | 0 | 0 | 0 | 0 | 0 | 0 | 1 | 0 | 1 | 0 | 1 | 1 | 1 | 1 | 1

[表格2]
0 | 0 | 0 | 0 | 0 | 1 | 1 | 1 | 0 | 1 | 0 | 0 | 0 | 0 | 0 | 1 | 0 | 0 | 0 | 0 | 0 | 1 | 0 | 0 | 0 | 0 | 0 | 1 | 1 | 0 | 1 | 1 | 0 | 0 | 1 | 1 | 1 | 1 | 1 | 1 | 0 | 0 | 0 | 0 | 0 | 0 | 0 | 1 | 0 | 1 | 0 | 1 | 1 | 1 | 1 | 1

==================================================
第 5 页（共 11 页）
==================================================

[文字]
王道考研/CSKAOYAN.COM
字节填充法
0
0
1
0
0
1
0
0
0
0
0
0
0
0
1
0
0
1
0
1
1
1
0
0
0
1
0
1
1
1
1
1
0
0
0
0
0
1
0
0
0
1
1
1
1
1
1
0
0
0
1
0
0
1
0
0
0
0
0
0
0
0
1
0
0
1
0
1
1
1
0
0
0
1
0
1
1
1
1
1
0
0
0
0
0
1
0
0
0
1
1
1
1
1
1
0
0
0
0
0
0
1
0
0
控制字符SOH
帧定
界
0
0
0
0
0
0
1
0
控制字符EOT
帧的数据部分
0
0
1
0
0
1
0
0
0
0
0
0
0
0
1
0
0
1
0
1
1
1
0
0
0
1
0
1
1
1
1
1
0
0
0
0
0
1
0
0
0
1
1
1
1
1
1
0
0
0
0
0
0
1
0
0
控制字符SOH
0
0
0
0
0
0
1
0
控制字符EOT
数据部分包含
控制字符
数据部分包含
控制字符
新
的
问
题

[嵌入图片：8 张]

[表格1]
0 | 1 | 0 | 0 | 0 | 0 | 0 | 1 | 0 | 0 | 0 | 0 | 0 | 1 | 0 | 0 | 0 | 0 | 0 | 1 | 1 | 0 | 1 | 1 | 0 | 0 | 1 | 1 | 1 | 1 | 1 | 1 | 0 | 0 | 0 | 0 | 0 | 0 | 0 | 1 | 0 | 1 | 0 | 1 | 1 | 1 | 1 | 1

[表格2]
0 | 0 | 0 | 0 | 0 | 0 | 0 | 1 | 0 | 1 | 0 | 0 | 0 | 0 | 0 | 1 | 0 | 0 | 0 | 0 | 0 | 1 | 0 | 0 | 0 | 0 | 0 | 1 | 1 | 0 | 1 | 1 | 0 | 0 | 1 | 1 | 1 | 1 | 1 | 1 | 0 | 0 | 0 | 0 | 0 | 0 | 0 | 1 | 0 | 1 | 0 | 1 | 1 | 1 | 1 | 1 | 0 | 0 | 0 | 0 | 0 | 1 | 0 | 0

[表格3]
0 | 0 | 0 | 0 | 0 | 0 | 0 | 1 | 0 | 1 | 0 | 0 | 0 | 0 | 0 | 1 | 0 | 0 | 0 | 0 | 0 | 1 | 0 | 0 | 0 | 0 | 0 | 1 | 1 | 0 | 1 | 1 | 0 | 0 | 1 | 1 | 1 | 1 | 1 | 1 | 0 | 0 | 0 | 0 | 0 | 0 | 0 | 1 | 0 | 1 | 0 | 1 | 1 | 1 | 1 | 1 | 0 | 0 | 0 | 0 | 0 | 1 | 0 | 0

==================================================
第 6 页（共 11 页）
==================================================

[文字]
王道考研/CSKAOYAN.COM
字节填充法
0
0
1
0
0
1
0
0
0
0
0
0
0
0
1
0
0
1
0
1
1
1
0
0
0
1
0
1
1
1
1
1
0
0
0
0
0
1
0
0
0
1
1
1
1
1
1
0
0
0
0
0
0
1
0
0
控制字符SOH
0
0
0
0
0
0
1
0
控制字符EOT
数据部分包含
控制字符
数据部分包含
控制字符
0
0
1
0
0
1
0
0
0
0
0
0
0
0
1
0
0
1
0
1
1
1
0
0
0
1
0
1
1
1
1
1
0
0
0
0
0
1
0
0
0
1
1
1
1
1
1
0
0
0
0
0
0
1
0
0
控制字符SOH
0
0
0
0
0
0
1
0
控制字符EOT
0
1
0
1
1
1
0
0
转义字符ESC
0
1
0
1
1
1
0
0
转义字符ESC
0
0
1
0
0
1
0
0
0
0
0
0
0
0
1
0
0
1
0
1
1
1
0
0
0
1
0
1
1
1
1
1
0
0
0
0
0
1
0
0
0
1
1
1
1
1
1
0
0
0
0
0
0
1
0
0
控制字符SOH
0
0
0
0
0
0
1
0
控制字符EOT
0
1
0
1
1
1
0
0
转义字符ESC
0
1
0
1
1
1
0
0
转义字符ESC
数据部分包含
转义字符ESC
新
的
问
题
转
义
字
符

[嵌入图片：8 张]

[表格1]
0 | 0 | 0 | 0 | 0 | 0 | 0 | 1 | 0 | 1 | 0 | 0 | 0 | 0 | 0 | 1 | 0 | 0 | 0 | 0 | 0 | 1 | 0 | 0 | 0 | 0 | 0 | 1 | 1 | 0 | 1 | 1 | 0 | 0 | 1 | 1 | 1 | 1 | 1 | 1 | 0 | 0 | 0 | 0 | 0 | 0 | 0 | 1 | 0 | 1 | 0 | 1 | 1 | 1 | 1 | 1 | 0 | 0 | 0 | 0 | 0 | 1 | 0 | 0

[表格2]
0 | 0 | 0 | 0 | 0 | 0 | 0 | 1 | 0 | 1 | 0 | 0 | 0 | 0 | 0 | 1 | 0 | 0 | 0 | 1 | 1 | 0 | 1 | 1 | 0 | 0 | 0 | 0 | 0 | 1 | 0 | 0 | 0 | 0 | 0 1 | 1 | 0 | 1 | 1 | 0 | 0 | 1 | 1 | 1 | 1 | 1 | 1 | 0 | 0 | 0 | 1 | 1 | 0 | 1 | 1 | 0 | 0 | 0 | 0 | 0 | 0 | 0 | 1 | 0 | 1 | 0 | 1 | 1 | 1 | 1 | 1 | 0 | 0 | 0 | 0 | 0 | 1 | 0 | 0

[表格3]
0 | 0 | 0 | 0 | 0 | 0 | 0 | 1 | 0 | 1 | 0 | 0 | 0 | 0 | 0 | 1 | 0 | 0 | 0 | 1 | 1 | 0 | 1 | 1 | 0 | 0 | 0 | 0 | 0 | 1 | 0 | 0 | 0 | 0 | 0 1 | 1 | 0 | 1 | 1 | 0 | 0 | 1 | 1 | 1 | 1 | 1 | 1 | 0 | 0 | 0 | 1 | 1 | 0 | 1 | 1 | 0 | 0 | 0 | 0 | 0 | 0 | 0 | 1 | 0 | 1 | 0 | 1 | 1 | 1 | 1 | 1 | 0 | 0 | 0 | 0 | 0 | 1 | 0 | 0

==================================================
第 7 页（共 11 页）
==================================================

[文字]
王道考研/CSKAOYAN.COM
字节填充法
0
0
1
0
0
1
0
0
0
0
0
0
0
0
1
0
0
1
0
1
1
1
0
0
0
1
0
1
1
1
1
1
0
0
0
0
0
1
0
0
0
1
1
1
1
1
1
0
0
0
0
0
0
1
0
0
控制字符SOH
0
0
0
0
0
0
1
0
控制字符EOT
0
1
0
1
1
1
0
0
转义字符ESC
0
1
0
1
1
1
0
0
转义字符ESC
数据部分包含
转义字符ESC
0
0
1
0
0
1
0
0
0
0
0
0
0
0
1
0
0
1
0
1
1
1
0
0
0
1
0
1
1
1
1
1
0
0
0
0
0
1
0
0
0
1
1
1
1
1
1
0
0
0
0
0
0
1
0
0
0
0
0
0
0
0
1
0
控制字符EOT
0
1
0
1
1
1
0
0
转义字符ESC
0
1
0
1
1
1
0
0
转义字符ESC
0
1
0
1
1
1
0
0
转义字符ESC
控制字符SOH
数据部分包含
转义字符ESC
如果帧的数据部分包含“特殊字符”，则发送方需要在这些“特殊字符”前
填充“转义字符 ESC”（接收方要做逆处理）

[嵌入图片：8 张]

[表格1]
0 | 0 | 0 | 0 | 0 | 0 | 0 | 1 | 0 | 1 | 0 | 0 | 0 | 0 | 0 | 1 | 0 | 0 | 0 | 1 | 1 | 0 | 1 | 1 | 0 | 0 | 0 | 0 | 0 | 1 | 0 | 0 | 0 | 0 | 0 | 1 | 1 | 0 | 1 | 1 | 0 | 0 | 1 | 1 | 1 | 1 | 1 | 1 | 0 | 0 | 0 | 1 | 1 | 0 | 1 | 1 | 0 | 0 | 0 | 0 | 0 | 0 | 0 | 1 | 0 | 1 | 0 | 1 | 1 | 1 | 1 | 1 | 0 | 0 | 0 | 0 | 0 | 1 | 0 | 0

[表格2]
0 | 0 | 0 | 0 | 0 | 0 | 0 | 1 | 0 | 1 | 0 | 0 | 0 | 0 | 0 | 1 | 0 | 0 | 0 | 1 | 1 | 0 | 1 | 1 | 0 | 0 | 0 | 0 | 0 | 1 | 0 | 0 | 0 | 0 | 0 | 1 | 1 | 0 | 1 | 1 | 0 | 0 | 0 | 1 | 1 | 0 | 1 | 1 | 0 | 0 | 1 | 1 | 1 | 1 | 1 | 1 | 0 | 0 | 0 | 1 | 1 | 0 | 1 | 1 | 0 | 0 | 0 | 0 | 0 | 0 | 0 | 1 | 0 | 1 | 0 | 1 | 1 | 1 | 1 | 1 | 0 | 0 | 0 | 0 | 0 | 1 | 0 | 0

==================================================
第 8 页（共 11 页）
==================================================

[文字]
王道考研/CSKAOYAN.COM
零比特填充法
0
0
1
0
0
1
0
0
0
0
0
0
0
0
1
0
0
1
0
1
1
1
0
0
0
1
0
1
1
1
1
1
0
0
0
0
0
1
0
0
0
1
1
1
1
1
1
0
0
0
1
0
0
1
0
0
0
0
0
0
0
0
1
0
0
1
0
1
1
1
0
0
0
1
0
1
1
1
1
1
0
0
0
0
0
1
0
0
0
1
1
1
1
1
1
0
0
1
1
1
1
0
1
1
特殊⽐特串表示
帧开始/结束
帧定
界
帧的数据部分
0
1
1
1
1
0
1
1
特殊⽐特串表示
帧开始/结束
0
0
1
0
0
1
0
0
0
0
0
0
0
0
1
0
0
1
0
1
1
1
0
0
0
1
0
1
1
1
1
1
0
0
0
0
0
1
0
0
0
1
1
1
1
1
1
0
0
1
1
1
1
0
1
1
特殊⽐特串表示
帧开始/结束
0
1
1
1
1
0
1
1
特殊⽐特串表示
帧开始/结束
数据部分可能出
现特殊⽐特串
新
的
问
题

[嵌入图片：7 张]

[表格1]
0 | 1 | 0 | 0 | 0 | 0 | 0 | 1 | 0 | 0 | 0 | 0 | 0 | 1 | 0 | 0 | 0 | 0 | 0 | 1 | 1 | 0 | 1 | 1 | 0 | 0 | 1 | 1 | 1 | 1 | 1 | 1 | 0 | 0 | 0 | 0 | 0 | 0 | 0 | 1 | 0 | 1 | 0 | 1 | 1 | 1 | 1 | 1

[表格2]
0 | 1 | 1 | 1 | 1 | 1 | 1 | 0 | 0 | 1 | 0 | 0 | 0 | 0 | 0 | 1 | 0 | 0 | 0 | 0 | 0 | 1 | 0 | 0 | 0 | 0 | 0 | 1 | 1 | 0 | 1 | 1 | 0 | 0 | 1 | 1 | 1 | 1 | 1 | 1 | 0 | 0 | 0 | 0 | 0 | 0 | 0 | 1 | 0 | 1 | 0 | 1 | 1 | 1 | 1 | 1 | 0 | 1 | 1 | 1 | 1 | 1 | 1 | 0

[表格3]
0 | 1 | 1 | 1 | 1 | 1 | 1 | 0 | 0 | 1 | 0 | 0 | 0 | 0 | 0 | 1 | 0 | 0 | 0 | 0 | 0 | 1 | 0 | 0 | 0 | 0 | 0 | 1 | 1 | 0 | 1 | 1 | 0 | 0 | 1 | 1 | 1 | 1 | 1 | 1 | 0 | 0 | 0 | 0 | 0 | 0 | 0 | 1 | 0 | 1 | 0 | 1 | 1 | 1 | 1 | 1 | 0 | 1 | 1 | 1 | 1 | 1 | 1 | 0

==================================================
第 9 页（共 11 页）
==================================================

[文字]
王道考研/CSKAOYAN.COM
零比特填充法
0
0
1
0
0
1
0
0
0
0
0
0
0
0
1
0
0
1
0
1
1
1
0
0
0
1
0
1
1
1
1
1
0
0
0
0
0
1
0
0
0
1
1
1
1
1
1
0
0
1
1
1
1
0
1
1
特殊⽐特串表示
帧开始/结束
0
1
1
1
1
0
1
1
特殊⽐特串表示
帧开始/结束
数据部分可能出
现特殊⽐特串
0
0
1
0
0
1
0
0
0
0
0
0
0
0
1
0
0
1
0
1
1
1
0
0
1
0
1
0
1
1
0
1
1
0
0
0
0
0
1
0
0
0
0
1
1
1
1
1
1
0
0
1
1
1
1
0
1
1
特殊⽐特串表示
帧开始/结束
0
1
1
1
1
0
1
1
特殊⽐特串表示
帧开始/结束
发送⽅：数据部分每遇到连
续的5个1，就填充⼀个0
•发送方需要对帧的数据部分进行处理，每当遇到连续5个1，就填充一个0
•接受方需要对帧的数据部分进行逆处理，每当遇到连续5个1，就删掉后面的0

[嵌入图片：7 张]

[表格1]
0 | 1 | 1 | 1 | 1 | 1 | 1 | 0 | 0 | 1 | 0 | 0 | 0 | 0 | 0 | 1 | 0 | 0 | 0 | 0 | 0 | 1 | 0 | 0 | 0 | 0 | 0 | 1 | 1 | 0 | 1 | 1 | 0 | 0 | 1 | 1 | 1 | 1 | 1 | 1 | 0 | 0 | 0 | 0 | 0 | 0 | 0 | 1 | 0 | 1 | 0 | 1 | 1 | 1 | 1 | 1 | 0 | 1 | 1 | 1 | 1 | 1 | 1 | 0

[表格2]
0 | 1 | 1 | 1 | 1 | 1 | 1 | 0 | 0 | 1 | 0 | 0 | 0 | 0 | 0 | 1 | 0 | 0 | 0 | 0 | 0 | 1 | 0 | 0 | 0 | 0 | 0 | 1 | 1 | 0 | 1 | 1 | 0 | 0 | 1 | 1 | 1 | 1 | 1 | 0 | 1 | 0 | 0 | 0 | 0 | 0 | 0 | 0 | 1 | 0 | 1 | 0 | 1 | 1 | 1 | 1 | 1 | 0 | 0 | 1 | 1 | 1 | 1 | 1 | 1 | 0

[表格3]
每当遇到连续 |  | 5 | 个 |  | 1 | ，就填充一个 |  |  | 0 | 
 | 每当遇到连续 |  |  | 5 | 个 |  | 1 | ，就删掉后面的 |  | 0

==================================================
第 10 页（共 11 页）
==================================================

[文字]
王道考研/CSKAOYAN.COM
违规编码法
曼彻斯特编码（IEEE标准）：
上跳0下跳1看中间，中必变
0
0
1
0
0
1
0
0
0
0
0
0
0
0
1
0
0
1
0
1
1
1
0
0
0
1
0
1
1
1
1
1
0
0
0
0
0
1
0
0
0
1
1
1
1
1
1
0
帧的数据部分
……
0
1
0
0
1
1
1
违规编码
（基于曼彻斯特编码）
违规编码
（基于曼彻斯特编码）
如果周期中间不跳变，则“违规”

[嵌入图片：7 张]

[表格1]
0 | 1 | 0 | 0 | 0 | 0 | 0 | 1 | 0 | 0 | 0 | 0 | 0 | 1 | 0 | 0 | 0 | 0 | 0 | 1 | 1 | 0 | 1 | 1 | 0 | 0 | 1 | 1 | 1 | 1 | 1 | 1 | 0 | 0 | 0 | 0 | 0 | 0 | 0 | 1 | 0 | 1 | 0 | 1 | 1 | 1 | 1 | 1

==================================================
第 11 页（共 11 页）
==================================================

[文字]
王道考研/CSKAOYAN.COM
知识回顾与重要考点

[嵌入图片：8 张]