
==================================================
第 1 页（共 17 页）
==================================================

[文字]
本节内容
双端队列
王道考研/CSKAOYAN.COM

[嵌入图片：page001_img1.png]

[嵌入图片：page001_img2.png]

[嵌入图片：page001_img3.png]

[⚠️ 建议在复习资料中贴图]
[渲染图路径] d:\fnfyu\projects\408\cs408-review\extracted\ds\第三章 栈、队列和数组\3.2.4_双端队列\pages\page-001.png
[原因] 含 3 张嵌入图片, 矢量图示为主

==================================================
第 2 页（共 17 页）
==================================================

[文字]
王道考研/CSKAOYAN.COM
双端队列
1
2
3
4
删除
插入
1
2
3
4
删除
插入
双端队列：只允许从两端插入、两端删除的线性表
栈：只允许从一端插入和删除的线性表
1
2
3
4
删除
插入
队列：只允许从一端插入、另一端删除的线性表
删除
插入
5
5
5
若只使用其中
一端的插入、
删除操作，则
效果等同于栈

[嵌入图片：page002_img1.png]

[嵌入图片：page002_img2.png]

[嵌入图片：page002_img3.png]

[嵌入图片：page002_img4.png]

[嵌入图片：page002_img5.png]

[嵌入图片：page002_img6.png]

[嵌入图片：page002_img7.png]

[⚠️ 建议在复习资料中贴图]
[渲染图路径] d:\fnfyu\projects\408\cs408-review\extracted\ds\第三章 栈、队列和数组\3.2.4_双端队列\pages\page-002.png
[原因] 含 7 张嵌入图片

==================================================
第 3 页（共 17 页）
==================================================

[文字]
王道考研/CSKAOYAN.COM
双端队列
1
2
3
4
删除
插入
双端队列：只允许从两端插入、两端删除的线性表
删除
插入
5
1
2
3
4
删除
插入
输入受限的双端队列：只允许从一端插入、两端删除的线性表
删除
5
1
2
3
4
插入
删除
插入
5
输出受限的双端队列：只允许从两端插入、一端删除的线性表

[嵌入图片：page003_img1.png]

[嵌入图片：page003_img2.png]

[嵌入图片：page003_img3.png]

[嵌入图片：page003_img4.png]

[嵌入图片：page003_img5.png]

[嵌入图片：page003_img6.png]

[嵌入图片：page003_img7.png]

[⚠️ 建议在复习资料中贴图]
[渲染图路径] d:\fnfyu\projects\408\cs408-review\extracted\ds\第三章 栈、队列和数组\3.2.4_双端队列\pages\page-003.png
[原因] 含 7 张嵌入图片

==================================================
第 4 页（共 17 页）
==================================================

[文字]
王道考研/CSKAOYAN.COM
考点：判断输出序列合法性
若数据元素输入序列为1,2,3,4，则哪些输出序列是合法的，哪些是非法的？
1,2,3,4
1,2,4,3
1,3,2,4
1,3,4,2
1,4,2,3
1,4,3,2
2,1,3,4
2,1,4,3
2,3,1,4
2,3,4,1
2,4,1,3
2,4,3,1
3,1,2,4
3,1,4,2
3,2,1,4
3,2,4,1
3,4,1,2
3,4,2,1
4,1,2,3
4,1,3,2
4,2,1,3
4,2,3,1
4,3,1,2
4,3,2,1
𝐴!
! = 4! = 24
1
2
3
4
删除
插入
栈

[嵌入图片：page004_img1.png]

[嵌入图片：page004_img2.png]

[嵌入图片：page004_img3.png]

[嵌入图片：page004_img4.png]

[嵌入图片：page004_img5.png]

[嵌入图片：page004_img6.png]

[嵌入图片：page004_img7.png]

[⚠️ 建议在复习资料中贴图]
[渲染图路径] d:\fnfyu\projects\408\cs408-review\extracted\ds\第三章 栈、队列和数组\3.2.4_双端队列\pages\page-004.png
[原因] 含 7 张嵌入图片

==================================================
第 5 页（共 17 页）
==================================================

[文字]
王道考研/CSKAOYAN.COM
考点：判断输出序列合法性
若数据元素输入序列为1,2,3,4，则哪些输出序列是合法的，哪些是非法的？
1,2,3,4
1,2,4,3
1,3,2,4
1,3,4,2
1,4,2,3
1,4,3,2
2,1,3,4
2,1,4,3
2,3,1,4
2,3,4,1
2,4,1,3
2,4,3,1
3,1,2,4
3,1,4,2
3,2,1,4
3,2,4,1
3,4,1,2
3,4,2,1
4,1,2,3
4,1,3,2
4,2,1,3
4,2,3,1
4,3,1,2
4,3,2,1
𝐴!
! = 4! = 24
1
2
3
4
删除
插入
栈

[嵌入图片：page005_img1.png]

[嵌入图片：page005_img2.png]

[嵌入图片：page005_img3.png]

[嵌入图片：page005_img4.png]

[嵌入图片：page005_img5.png]

[嵌入图片：page005_img6.png]

[嵌入图片：page005_img7.png]

[⚠️ 建议在复习资料中贴图]
[渲染图路径] d:\fnfyu\projects\408\cs408-review\extracted\ds\第三章 栈、队列和数组\3.2.4_双端队列\pages\page-005.png
[原因] 含 7 张嵌入图片

==================================================
第 6 页（共 17 页）
==================================================

[文字]
王道考研/CSKAOYAN.COM
考点：判断输出序列合法性
若数据元素输入序列为1,2,3,4，则哪些输出序列是合法的，哪些是非法的？
1,2,3,4
1,2,4,3
1,3,2,4
1,3,4,2
1,4,2,3
1,4,3,2
2,1,3,4
2,1,4,3
2,3,1,4
2,3,4,1
2,4,1,3
2,4,3,1
3,1,2,4
3,1,4,2
3,2,1,4
3,2,4,1
3,4,1,2
3,4,2,1
4,1,2,3
4,1,3,2
4,2,1,3
4,2,3,1
4,3,1,2
4,3,2,1
𝐴!
! = 4! = 24
1
2
3
4
删除
插入
栈

[嵌入图片：page006_img1.png]

[嵌入图片：page006_img2.png]

[嵌入图片：page006_img3.png]

[嵌入图片：page006_img4.png]

[嵌入图片：page006_img5.png]

[嵌入图片：page006_img6.png]

[嵌入图片：page006_img7.png]

[⚠️ 建议在复习资料中贴图]
[渲染图路径] d:\fnfyu\projects\408\cs408-review\extracted\ds\第三章 栈、队列和数组\3.2.4_双端队列\pages\page-006.png
[原因] 含 7 张嵌入图片

==================================================
第 7 页（共 17 页）
==================================================

[文字]
王道考研/CSKAOYAN.COM
考点：判断输出序列合法性
若数据元素输入序列为1,2,3,4，则哪些输出序列是合法的，哪些是非法的？
1,2,3,4
1,2,4,3
1,3,2,4
1,3,4,2
1,4,2,3
1,4,3,2
2,1,3,4
2,1,4,3
2,3,1,4
2,3,4,1
2,4,1,3
2,4,3,1
3,1,2,4
3,1,4,2
3,2,1,4
3,2,4,1
3,4,1,2
3,4,2,1
4,1,2,3
4,1,3,2
4,2,1,3
4,2,3,1
4,3,1,2
4,3,2,1
𝐴!
! = 4! = 24
1
2
3
4
删除
插入
栈

[嵌入图片：page007_img1.png]

[嵌入图片：page007_img2.png]

[嵌入图片：page007_img3.png]

[嵌入图片：page007_img4.png]

[嵌入图片：page007_img5.png]

[嵌入图片：page007_img6.png]

[嵌入图片：page007_img7.png]

[⚠️ 建议在复习资料中贴图]
[渲染图路径] d:\fnfyu\projects\408\cs408-review\extracted\ds\第三章 栈、队列和数组\3.2.4_双端队列\pages\page-007.png
[原因] 含 7 张嵌入图片

==================================================
第 8 页（共 17 页）
==================================================

[文字]
王道考研/CSKAOYAN.COM
考点：判断输出序列合法性
若数据元素输入序列为1,2,3,4，则哪些输出序列是合法的，哪些是非法的？
1,2,3,4
1,2,4,3
1,3,2,4
1,3,4,2
1,4,2,3
1,4,3,2
2,1,3,4
2,1,4,3
2,3,1,4
2,3,4,1
2,4,1,3
2,4,3,1
3,1,2,4
3,1,4,2
3,2,1,4
3,2,4,1
3,4,1,2
3,4,2,1
4,1,2,3
4,1,3,2
4,2,1,3
4,2,3,1
4,3,1,2
4,3,2,1
𝐴!
! = 4! = 24
删除
插入
栈
卡特兰数：
1
4 + 1 𝐶"
! = 14
1
n + 1 𝐶#$
$
=
14种合法
出栈序列

[嵌入图片：page008_img1.png]

[嵌入图片：page008_img2.png]

[嵌入图片：page008_img3.png]

[嵌入图片：page008_img4.png]

[嵌入图片：page008_img5.png]

[嵌入图片：page008_img6.png]

[嵌入图片：page008_img7.png]

[⚠️ 建议在复习资料中贴图]
[渲染图路径] d:\fnfyu\projects\408\cs408-review\extracted\ds\第三章 栈、队列和数组\3.2.4_双端队列\pages\page-008.png
[原因] 含 7 张嵌入图片

==================================================
第 9 页（共 17 页）
==================================================

[文字]
王道考研/CSKAOYAN.COM
考点：判断输出序列合法性
若数据元素输入序列为1,2,3,4，则哪些输出序列是合法的，哪些是非法的？
𝐴!
! = 4! = 24
删除
插入
输入受限的双端队列
删除
1,2,3,4
1,2,4,3
1,3,2,4
1,3,4,2
1,4,2,3
1,4,3,2
2,1,3,4
2,1,4,3
2,3,1,4
2,3,4,1
2,4,1,3
2,4,3,1
3,1,2,4
3,1,4,2
3,2,1,4
3,2,4,1
3,4,1,2
3,4,2,1
4,1,2,3
4,1,3,2
4,2,1,3
4,2,3,1
4,3,1,2
4,3,2,1
1
2
3
4
栈中合法的序列，双
端队列中一定也合法

[嵌入图片：page009_img1.png]

[嵌入图片：page009_img2.png]

[嵌入图片：page009_img3.png]

[嵌入图片：page009_img4.png]

[嵌入图片：page009_img5.png]

[嵌入图片：page009_img6.png]

[嵌入图片：page009_img7.png]

[⚠️ 建议在复习资料中贴图]
[渲染图路径] d:\fnfyu\projects\408\cs408-review\extracted\ds\第三章 栈、队列和数组\3.2.4_双端队列\pages\page-009.png
[原因] 含 7 张嵌入图片

==================================================
第 10 页（共 17 页）
==================================================

[文字]
王道考研/CSKAOYAN.COM
考点：判断输出序列合法性
若数据元素输入序列为1,2,3,4，则哪些输出序列是合法的，哪些是非法的？
𝐴!
! = 4! = 24
删除
插入
输入受限的双端队列
删除
1,2,3,4
1,2,4,3
1,3,2,4
1,3,4,2
1,4,2,3
1,4,3,2
2,1,3,4
2,1,4,3
2,3,1,4
2,3,4,1
2,4,1,3
2,4,3,1
3,1,2,4
3,1,4,2
3,2,1,4
3,2,4,1
3,4,1,2
3,4,2,1
4,1,2,3
4,1,3,2
4,2,1,3
4,2,3,1
4,3,1,2
4,3,2,1
1
2
3
4

[嵌入图片：page010_img1.png]

[嵌入图片：page010_img2.png]

[嵌入图片：page010_img3.png]

[嵌入图片：page010_img4.png]

[嵌入图片：page010_img5.png]

[嵌入图片：page010_img6.png]

[嵌入图片：page010_img7.png]

[⚠️ 建议在复习资料中贴图]
[渲染图路径] d:\fnfyu\projects\408\cs408-review\extracted\ds\第三章 栈、队列和数组\3.2.4_双端队列\pages\page-010.png
[原因] 含 7 张嵌入图片

==================================================
第 11 页（共 17 页）
==================================================

[文字]
王道考研/CSKAOYAN.COM
考点：判断输出序列合法性
若数据元素输入序列为1,2,3,4，则哪些输出序列是合法的，哪些是非法的？
𝐴!
! = 4! = 24
删除
插入
输入受限的双端队列
删除
1,2,3,4
1,2,4,3
1,3,2,4
1,3,4,2
1,4,2,3
1,4,3,2
2,1,3,4
2,1,4,3
2,3,1,4
2,3,4,1
2,4,1,3
2,4,3,1
3,1,2,4
3,1,4,2
3,2,1,4
3,2,4,1
3,4,1,2
3,4,2,1
4,1,2,3
4,1,3,2
4,2,1,3
4,2,3,1
4,3,1,2
4,3,2,1
1
2
3
4

[嵌入图片：page011_img1.png]

[嵌入图片：page011_img2.png]

[嵌入图片：page011_img3.png]

[嵌入图片：page011_img4.png]

[嵌入图片：page011_img5.png]

[嵌入图片：page011_img6.png]

[嵌入图片：page011_img7.png]

[⚠️ 建议在复习资料中贴图]
[渲染图路径] d:\fnfyu\projects\408\cs408-review\extracted\ds\第三章 栈、队列和数组\3.2.4_双端队列\pages\page-011.png
[原因] 含 7 张嵌入图片

==================================================
第 12 页（共 17 页）
==================================================

[文字]
王道考研/CSKAOYAN.COM
考点：判断输出序列合法性
若数据元素输入序列为1,2,3,4，则哪些输出序列是合法的，哪些是非法的？
𝐴!
! = 4! = 24
删除
插入
输入受限的双端队列
删除
1,2,3,4
1,2,4,3
1,3,2,4
1,3,4,2
1,4,2,3
1,4,3,2
2,1,3,4
2,1,4,3
2,3,1,4
2,3,4,1
2,4,1,3
2,4,3,1
3,1,2,4
3,1,4,2
3,2,1,4
3,2,4,1
3,4,1,2
3,4,2,1
4,1,2,3
4,1,3,2
4,2,1,3
4,2,3,1
4,3,1,2
4,3,2,1

[嵌入图片：page012_img1.png]

[嵌入图片：page012_img2.png]

[嵌入图片：page012_img3.png]

[嵌入图片：page012_img4.png]

[嵌入图片：page012_img5.png]

[嵌入图片：page012_img6.png]

[嵌入图片：page012_img7.png]

[⚠️ 建议在复习资料中贴图]
[渲染图路径] d:\fnfyu\projects\408\cs408-review\extracted\ds\第三章 栈、队列和数组\3.2.4_双端队列\pages\page-012.png
[原因] 含 7 张嵌入图片

==================================================
第 13 页（共 17 页）
==================================================

[文字]
王道考研/CSKAOYAN.COM
考点：判断输出序列合法性
若数据元素输入序列为1,2,3,4，则哪些输出序列是合法的，哪些是非法的？
𝐴!
! = 4! = 24
删除
插入
输出受限的双端队列
1,2,3,4
1,2,4,3
1,3,2,4
1,3,4,2
1,4,2,3
1,4,3,2
2,1,3,4
2,1,4,3
2,3,1,4
2,3,4,1
2,4,1,3
2,4,3,1
3,1,2,4
3,1,4,2
3,2,1,4
3,2,4,1
3,4,1,2
3,4,2,1
4,1,2,3
4,1,3,2
4,2,1,3
4,2,3,1
4,3,1,2
4,3,2,1
1
2
3
4
栈中合法的序列，双
端队列中一定也合法
插入

[嵌入图片：page013_img1.png]

[嵌入图片：page013_img2.png]

[嵌入图片：page013_img3.png]

[嵌入图片：page013_img4.png]

[嵌入图片：page013_img5.png]

[嵌入图片：page013_img6.png]

[嵌入图片：page013_img7.png]

[⚠️ 建议在复习资料中贴图]
[渲染图路径] d:\fnfyu\projects\408\cs408-review\extracted\ds\第三章 栈、队列和数组\3.2.4_双端队列\pages\page-013.png
[原因] 含 7 张嵌入图片

==================================================
第 14 页（共 17 页）
==================================================

[文字]
王道考研/CSKAOYAN.COM
考点：判断输出序列合法性
若数据元素输入序列为1,2,3,4，则哪些输出序列是合法的，哪些是非法的？
𝐴!
! = 4! = 24
删除
插入
输出受限的双端队列
1,2,3,4
1,2,4,3
1,3,2,4
1,3,4,2
1,4,2,3
1,4,3,2
2,1,3,4
2,1,4,3
2,3,1,4
2,3,4,1
2,4,1,3
2,4,3,1
3,1,2,4
3,1,4,2
3,2,1,4
3,2,4,1
3,4,1,2
3,4,2,1
4,1,2,3
4,1,3,2
4,2,1,3
4,2,3,1
4,3,1,2
4,3,2,1
1
2
3
4
插入

[嵌入图片：page014_img1.png]

[嵌入图片：page014_img2.png]

[嵌入图片：page014_img3.png]

[嵌入图片：page014_img4.png]

[嵌入图片：page014_img5.png]

[嵌入图片：page014_img6.png]

[嵌入图片：page014_img7.png]

[⚠️ 建议在复习资料中贴图]
[渲染图路径] d:\fnfyu\projects\408\cs408-review\extracted\ds\第三章 栈、队列和数组\3.2.4_双端队列\pages\page-014.png
[原因] 含 7 张嵌入图片

==================================================
第 15 页（共 17 页）
==================================================

[文字]
王道考研/CSKAOYAN.COM
考点：判断输出序列合法性
若数据元素输入序列为1,2,3,4，则哪些输出序列是合法的，哪些是非法的？
𝐴!
! = 4! = 24
删除
插入
输出受限的双端队列
1,2,3,4
1,2,4,3
1,3,2,4
1,3,4,2
1,4,2,3
1,4,3,2
2,1,3,4
2,1,4,3
2,3,1,4
2,3,4,1
2,4,1,3
2,4,3,1
3,1,2,4
3,1,4,2
3,2,1,4
3,2,4,1
3,4,1,2
3,4,2,1
4,1,2,3
4,1,3,2
4,2,1,3
4,2,3,1
4,3,1,2
4,3,2,1
1
插入

[嵌入图片：page015_img1.png]

[嵌入图片：page015_img2.png]

[嵌入图片：page015_img3.png]

[嵌入图片：page015_img4.png]

[嵌入图片：page015_img5.png]

[嵌入图片：page015_img6.png]

[嵌入图片：page015_img7.png]

[⚠️ 建议在复习资料中贴图]
[渲染图路径] d:\fnfyu\projects\408\cs408-review\extracted\ds\第三章 栈、队列和数组\3.2.4_双端队列\pages\page-015.png
[原因] 含 7 张嵌入图片

==================================================
第 16 页（共 17 页）
==================================================

[文字]
王道考研/CSKAOYAN.COM
考点：判断输出序列合法性
若数据元素输入序列为1,2,3,4，则哪些输出序列是合法的，哪些是非法的？
𝐴!
! = 4! = 24
删除
插入
输出受限的双端队列
1,2,3,4
1,2,4,3
1,3,2,4
1,3,4,2
1,4,2,3
1,4,3,2
2,1,3,4
2,1,4,3
2,3,1,4
2,3,4,1
2,4,1,3
2,4,3,1
3,1,2,4
3,1,4,2
3,2,1,4
3,2,4,1
3,4,1,2
3,4,2,1
4,1,2,3
4,1,3,2
4,2,1,3
4,2,3,1
4,3,1,2
4,3,2,1
插入

[嵌入图片：page016_img1.png]

[嵌入图片：page016_img2.png]

[嵌入图片：page016_img3.png]

[嵌入图片：page016_img4.png]

[嵌入图片：page016_img5.png]

[嵌入图片：page016_img6.png]

[嵌入图片：page016_img7.png]

[⚠️ 建议在复习资料中贴图]
[渲染图路径] d:\fnfyu\projects\408\cs408-review\extracted\ds\第三章 栈、队列和数组\3.2.4_双端队列\pages\page-016.png
[原因] 含 7 张嵌入图片

==================================================
第 17 页（共 17 页）
==================================================

[文字]
王道考研/CSKAOYAN.COM
知识回顾与重要考点
在栈中合法的输出
序列，在双端队列
中必定合法
回忆：栈的变种——共享栈

[嵌入图片：page017_img1.png]

[嵌入图片：page017_img2.png]

[嵌入图片：page017_img3.png]

[嵌入图片：page017_img4.png]

[嵌入图片：page017_img5.png]

[嵌入图片：page017_img6.png]

[嵌入图片：page017_img7.png]

[嵌入图片：page017_img8.png]

[⚠️ 建议在复习资料中贴图]
[渲染图路径] d:\fnfyu\projects\408\cs408-review\extracted\ds\第三章 栈、队列和数组\3.2.4_双端队列\pages\page-017.png
[原因] 含 8 张嵌入图片